tiles {
1,1,1,1,1,1,1,1,1,1,1,1,1,1,1,1,1,1,1,1,1,1,1,1,1,1,1,1,1,1,1,1,1,1,1,1,1,1,1,1
1,87,20,88,1,1,1,1,1,1,1,1,1,1,1,1,1,1,1,1,1,1,1,1,1,1,1,1,1,1,12,18,11,6,0,0,0,0,0,1
1,20,20,20,1,1,1,1,1,1,1,1,1,1,1,1,1,1,1,1,1,1,1,1,1,1,1,1,1,1,11,18,11,11,6,0,0,0,0,1
1,20,11,11,1,1,1,1,1,1,1,1,1,1,1,1,1,1,1,1,1,1,1,1,1,1,1,1,1,1,11,11,11,11,11,6,0,0,0,1
1,11,11,29,20,20,0,0,4,1,1,1,1,1,1,1,1,1,1,1,1,1,1,1,1,1,1,1,1,1,11,11,11,11,11,29,0,0,0,1
1,11,11,29,0,0,0,0,18,1,20,20,0,0,0,0,0,0,0,0,4,1,1,1,1,3,0,0,4,1,11,18,11,11,11,29,0,0,0,1
1,20,11,29,0,0,112,18,18,1,20,0,0,0,110,0,0,0,0,0,0,4,1,1,1,0,0,0,0,1,11,18,11,17,11,29,0,0,0,1
1,61,11,60,0,20,0,0,0,0,0,0,0,0,0,0,0,0,0,0,0,0,1,1,1,0,0,0,0,1,11,11,11,11,11,29,18,0,0,1
1,0,114,0,0,0,0,0,0,0,0,0,0,0,0,0,0,0,0,0,0,0,1,1,1,0,0,0,0,1,11,47,11,115,11,29,0,0,0,1
1,0,0,0,0,0,0,0,0,0,0,0,0,0,0,0,0,0,0,0,0,0,19,0,0,0,0,0,0,0,21,11,27,27,27,60,0,0,0,1
1,6,25,113,113,0,0,0,0,1,0,0,0,0,0,0,0,0,0,0,0,0,0,0,0,0,0,0,0,0,26,26,0,0,0,0,0,0,0,1
1,1,31,31,31,1,0,0,18,1,1,1,1,1,6,0,0,0,0,0,0,0,0,0,0,0,0,0,0,0,0,0,0,0,0,0,0,0,0,1
1,1,31,31,31,1,0,0,5,1,1,1,1,1,1,6,0,0,0,0,0,0,0,19,0,0,0,25,25,25,0,0,0,0,0,0,0,0,0,1
1,1,31,31,31,1,6,5,1,1,1,1,1,1,1,1,6,0,0,0,0,5,1,1,1,1,1,6,11,11,18,18,1,1,1,6,0,0,0,1
1,1,31,31,31,1,1,1,1,1,1,1,1,1,1,1,1,0,0,0,0,1,1,1,1,1,1,1,11,11,11,11,1,1,1,1,0,0,0,1
1,1,31,31,31,1,1,1,1,1,1,1,1,1,1,1,1,0,0,0,0,1,1,1,1,1,1,1,11,11,11,11,1,1,1,1,0,0,0,1
1,1,31,31,31,1,1,1,1,1,1,1,1,1,1,1,1,0,0,0,5,1,1,1,1,1,1,1,11,11,27,60,1,1,1,1,0,0,0,1
1,1,31,31,31,1,1,1,1,1,1,1,1,1,1,1,1,1,0,0,1,1,1,1,1,1,1,1,25,22,0,0,1,1,1,1,0,0,0,1
1,1,31,31,31,1,1,1,1,1,1,1,1,1,1,1,1,3,0,0,1,1,1,1,1,1,1,12,25,25,0,0,1,1,1,1,0,0,0,1
1,1,31,31,31,1,1,1,1,1,1,1,1,1,1,1,1,0,0,0,21,0,0,0,0,0,0,0,0,0,0,0,1,1,1,1,0,0,0,1
1,1,31,31,31,1,1,1,1,1,1,1,1,1,1,1,1,0,0,20,21,0,0,0,0,0,0,0,0,0,0,5,1,1,1,1,0,0,0,1
1,1,31,31,31,8,1,1,1,1,1,1,1,1,1,1,1,0,0,0,21,0,0,5,1,1,1,1,1,1,1,1,1,1,1,1,0,0,0,1
1,1,31,31,31,31,31,31,31,19,19,31,31,31,31,31,31,0,0,0,21,0,5,1,1,1,1,1,1,1,1,1,1,1,1,3,0,0,0,1
1,7,31,31,31,31,31,31,31,19,19,31,31,31,31,31,31,0,0,0,21,0,1,1,1,1,1,1,1,1,1,1,3,18,18,0,0,0,0,1
1,19,19,31,31,31,31,31,31,31,31,31,10,1,1,1,1,0,0,0,21,0,1,1,1,1,1,1,1,1,1,3,0,0,18,0,0,0,0,1
1,19,19,31,31,31,31,31,31,31,31,10,1,1,1,1,1,0,0,0,21,0,1,1,1,1,1,1,1,1,3,0,0,0,0,0,0,0,0,1
1,31,31,31,31,31,116,31,31,10,1,1,1,1,1,1,3,0,0,0,21,0,1,1,1,1,1,1,1,1,0,0,0,0,0,0,0,0,0,1
1,9,31,31,31,31,31,31,10,1,1,1,1,1,1,1,0,0,0,0,0,0,0,0,0,0,4,1,1,1,0,0,0,1,1,0,0,0,0,1
1,1,1,1,1,31,31,31,1,1,1,1,1,1,3,0,0,0,0,0,0,0,0,0,0,0,0,1,1,1,0,0,0,1,1,0,0,0,0,1
1,1,1,1,1,31,31,31,1,1,1,1,1,1,6,0,0,0,0,5,1,1,1,1,6,0,0,1,1,1,0,0,0,1,1,0,0,0,0,1
1,1,1,1,1,31,31,31,1,1,1,1,1,1,1,1,6,0,0,1,1,1,1,1,1,0,0,0,0,0,0,0,0,0,1,0,0,0,0,1
1,1,1,1,1,31,31,31,1,1,1,1,1,1,1,1,1,0,0,1,1,1,1,1,1,0,0,0,0,0,0,0,0,0,1,0,0,0,0,1
1,1,1,1,1,31,31,31,1,1,1,1,1,1,1,1,1,18,0,1,1,1,1,1,1,0,0,0,0,0,0,0,0,0,1,6,0,0,5,1
1,1,3,0,0,0,0,0,0,4,1,1,1,1,1,1,1,0,0,1,117,118,119,120,1,0,0,0,0,0,0,0,0,5,1,1,1,1,1,1
1,3,0,0,110,0,0,0,0,0,1,1,1,1,1,1,1,0,0,4,1,1,1,1,3,0,0,111,0,0,5,1,1,1,1,1,1,1,1,1
1,0,0,0,0,0,0,0,18,0,1,1,1,1,1,1,1,0,0,0,0,0,0,0,0,0,0,0,1,1,1,1,1,1,1,1,1,1,1,1
1,0,0,0,0,18,28,28,28,100,1,1,1,1,1,1,1,23,23,23,23,23,23,0,0,0,0,0,1,1,1,1,1,1,1,1,1,1,1,1
1,0,0,0,0,21,0,0,0,0,0,4,1,0,0,0,0,0,0,0,0,0,0,0,0,0,0,0,0,4,1,1,1,1,1,1,1,1,1,1
1,0,0,0,0,21,0,0,0,0,0,0,0,0,0,0,0,0,0,0,0,0,0,0,0,0,0,0,0,0,1,1,1,1,1,1,1,1,1,1
1,0,0,0,0,0,0,0,0,0,0,0,0,0,0,0,0,0,0,0,0,0,0,0,0,0,0,0,0,5,1,1,1,1,1,1,1,1,1,1
1,0,0,0,0,0,0,0,0,0,0,0,0,0,0,0,0,0,0,0,0,0,0,0,0,0,0,0,5,1,1,1,1,1,1,1,1,1,1,1
1,6,0,0,0,0,0,0,0,0,0,5,1,0,0,0,0,0,0,0,0,0,0,0,0,0,0,5,1,1,1,1,1,1,1,1,1,1,1,1
1,1,1,1,1,1,1,1,1,1,1,1,1,1,1,1,1,1,1,1,1,1,1,1,1,1,1,1,1,1,1,1,1,1,1,1,1,1,1,1
}

collision {
(128,160),(192,160),(192,128),(256,128),(288,160),(256,160),(256,192),(224,192),(224,224),(352,224),(352,192),(384,192),(384,160),(640,160),(704,224),(704,288),(704,320),(736,320),(736,288),(800,288),(800,192),(832,160),(896,160),(928,192),(928,288),(960,288),(960,64),(992,32),(992,96),(1024,96),(1024,32),(1248,32),(1248,1024),(1216,1056),(1216,1056),(1152,1056),(1120,1024),(1120,864),(1056,864),(1056,960),(1088,960),(1088,1056),(1056,1088),(992,1088),(960,1120),(896,1120),(896,1184),(928,1184),(960,1216),(960,1248),(864,1344),(416,1344),(416,1312),(384,1312),(352,1344),(64,1344),(32,1312),(32,1120),(96,1056),(160,1056),(160,896),(64,896),(32,864),(32,832),(96,832),(96,768),(32,768),(64,736),(64,352),(32,320),(32,224),(64,224),(64,192),(32,192),(32,128),(64,128),(64,96),(128,96),(128,128),(128,160)
(192,224),(192,256),(160,256),(160,224),(192,224)
(544,608),(544,704),(544,704),(544,704),(544,704),(544,704),(544,704),(544,704),(544,704),(544,704),(544,704),(544,704),(544,704),(544,704),(544,704),(544,704),(544,704),(544,704),(544,704),(544,704),(544,704),(544,704),(544,704),(544,704),(544,704),(544,704),(544,608)
(736,416),(704,416),(672,448),(672,512),(640,544),(640,608),(864,608),(896,576),(896,448),(864,416),(768,416),(768,384),(736,384),(736,416)
(960,448),(1024,448),(1024,640),(992,672),(768,672),(704,736),(704,864),(832,864),(864,896),(864,960),(960,960),(960,832),(1056,736),(1056,768),(1088,768),(1088,800),(1120,800),(1120,736),(1152,704),(1152,448),(1120,416),(960,416),(960,448)
(640,704),(608,704),(608,640),(640,640),(640,704)
(768,928),(800,960),(800,1088),(768,1120),(640,1120),(608,1088),(608,960),(640,928),(768,928)
(544,992),(512,960),(480,960),(448,928),(480,896),(512,896),(512,864),(544,832),(544,768),(416,768),(352,832),(320,832),(256,896),(256,1056),(288,1056),(320,1088),(320,1184),(352,1184),(384,1216),(416,1216),(416,1184),(544,1184),(544,1056),(576,1056),(576,1024),(544,1024),(544,992)
(160,1184),(192,1184),(192,1152),(160,1152),(160,1184)
(288,1152),(288,1120),(256,1120),(256,1152),(288,1152)
(1024,160),(1024,224),(992,224),(992,160),(1024,160)
(1024,256),(1008,288),(992,288),(1008,256),(1024,256)
(1216,1056),(1216,1056),(1216,1056)
(192,704),(192,704),(192,704)
(352,704),(544,704),(352,704)
(352,768),(352,704),(352,768)
(288,768),(320,768),(288,768)
(288,736),(288,768),(288,736)
(320,736),(288,736),(320,736)
(320,768),(320,736),(320,768)
(320,704),(352,704),(320,704)
(288,704),(288,736),(288,704)
(288,640),(288,704),(288,640)
(320,672),(320,704),(320,672)
(352,640),(288,640),(352,640)
(384,672),(320,672),(384,672)
(384,608),(384,672),(384,608)
(256,608),(384,608),(256,608)
(256,640),(256,608),(256,640)
(224,672),(288,672),(224,672)
(224,672),(224,672),(224,672)
(224,608),(224,608),(224,608)
(480,608),(480,608),(480,608)
(384,608),(480,608),(384,608)
(224,608),(224,608),(224,608)
(224,608),(224,672),(224,608)
(288,704),(192,704),(288,704)
(160,672),(192,704),(160,672)
(160,608),(160,672),(160,608)
(544,608),(544,608),(544,608)
(544,608),(544,608),(544,608)
(544,608),(544,608),(544,608)
(544,608),(544,608),(544,608)
(544,608),(544,608),(544,608),(544,608)
(544,608),(544,608),(544,608)
(544,608),(544,608),(544,608),(544,608)
(544,608),(544,608),(544,608)
(544,608),(544,608),(544,608)
(544,608),(544,608),(544,608)
(544,608),(544,608),(544,608)
(544,608),(544,608),(544,608)
(544,608),(544,608),(544,608)
(544,608),(544,608),(544,608)
(544,608),(544,608),(544,608)
(544,704),(544,608),(544,608),(544,608),(544,704)
(544,608),(544,608),(544,608)
(416,384),(416,448),(416,384)
(352,384),(416,384),(352,384)
(352,448),(352,384),(352,448)
(384,448),(352,448),(384,448)
(416,480),(416,480)
(416,480),(480,480),(416,480)
(384,448),(384,480),(384,448)
(224,480),(384,480),(224,480)
}

collisionPeople {
(128,128),(128,256),(96,256),(96,248),(120,248),(120,128),(128,128)
(32,232),(32,256),(64,256),(64,248),(40,248),(40,224),(32,232)
(1144,128),(1144,312),(1024,312),(1024,320),(1152,320),(1152,256),(1184,256),(1184,224),(1152,224),(1152,128),(1144,128)
(960,288),(960,320),(968,320),(968,288),(960,288)
(1024,544),(960,544),(960,576),(952,576),(952,536),(1016,536),(1016,512),(1024,512),(1024,544)
(640,864),(648,864),(648,608),(640,608),(640,864)
(544,1160),(736,1160),(736,1152),(544,1152),(544,1160)
(320,1152),(192,1152),(192,1160),(312,1160),(312,1184),(320,1184),(320,1152)
(160,1248),(160,1184),(168,1184),(168,1248),(160,1248)
(224,608),(224,608),(224,608)
(480,480),(480,608),(480,480)
(224,672),(224,672)
(224,480),(224,608),(224,480)
(160,352),(160,608),(160,352)
(192,352),(160,352),(192,352)
(192,416),(192,352),(192,416)
(224,448),(192,416),(224,448)
(288,384),(224,448),(288,384)
(256,384),(288,384),(256,384)
(288,384),(224,448),(288,384)
(256,384),(256,352),(256,384)
(288,352),(256,352),(288,352)
(288,320),(288,352),(288,320)
(320,320),(288,320),(320,320)
(320,352),(320,320),(320,352)
(448,352),(320,352),(448,352)
(544,448),(448,352),(544,448)
(544,544),(544,448),(544,544)
(576,544),(544,544),(576,544)
(576,544),(576,576),(576,576),(576,544)
(544,608),(576,576),(544,608)
(544,608),(544,608)
(480,480),(480,480),(480,480)
(416,480),(416,480),(416,480)
(224,608),(224,608),(224,608)
(384,448),(384,448),(384,448)
(480,608),(480,608),(480,608)
}

spawns {
(0,864,224);(1,352,1265);(1,352,1264);(1,449,1265);(1,448,1264);(1,544,1264);(1,640,1264);(1,736,1264);(1,800,1264);(1,848,1264)
}

waypoints {
(592,336);(1072,208);(1200,80);(1168,208);(1200,384);(1200,576);(1008,384);(1200,1008);(1152,880);(1008,880);(1072,784);(928,1056);(816,928);(864,1008);(976,1008);(608,896);(592,800);(576,720);(704,656);(896,624);(928,576);(928,480);(912,400);(864,352);(688,352);(608,416);(608,512);(528,304);(432,272);(368,272);(288,272);(224,288);(160,288);(80,272);(80,208);(208,208);(96,160);(112,368);(112,448);(112,512);(96,576);(96,640);(224,368);(128,720);(144,768);(192,816);(192,912);(192,1008);(224,1072);(112,832);(432,736);(320,800);(112,1136);(96,1232);(144,1296);(240,1264);(256,1200);(304,1264);(480,1264);(592,1248);(736,1264);(832,1232);(688,1200);(816,1136);(592,1120);(512,928);(608,240);(576,224)
}

guns {
(17,864,224);(23,208,208);(23,1072,208);(6,256,576);(19,288,576);(21,320,576);(22,352,576);(23,416,576);(24,384,576);(25,448,576);(26,448,544);(26,448,544);(26,448,544);(26,448,544);(26,448,544);(26,448,544);(26,448,544);(26,448,544);(26,448,544);(26,448,544);(26,448,544);(26,256,544);(26,256,544);(26,256,544);(26,256,544);(26,256,544);(26,256,544);(26,256,544);(26,256,544);(26,256,544);(26,256,544);(26,256,544);(18,288,544);(17,352,544);(16,320,544);(14,384,544);(13,416,544);(5,448,512);(4,416,512);(3,384,512);(1,352,512);(3,320,512);(24,288,512);(22,256,512);(25,384,416);(25,384,416);(25,384,416);(25,384,416);(25,384,416);(25,384,416);(25,384,416);(26,416,448);(26,416,448);(26,416,448);(26,416,448);(26,416,448);(26,416,448);(27,320,576);(27,1312,544);(27,1440,480);(27,1440,544);(27,1440,448);(27,1440,640);(27,1440,480);(23,384,416)
}
